2 0.602700 0.304900 0.699240 0.553090
2 0.508180 0.795190 0.157510 0.308440
2 0.585020 0.647800 0.094300 0.236000
2 0.898140 0.483850 0.113320 0.203860
2 0.378160 0.810430 0.168220 0.301060
2 0.343940 0.498970 0.082960 0.183590
2 0.240090 0.545280 0.066520 0.169110
2 0.499860 0.674350 0.152600 0.269290
2 0.690420 0.656920 0.183570 0.223960
2 0.736090 0.546180 0.147640 0.211070
2 0.112370 0.794940 0.223610 0.234640
2 0.797550 0.591740 0.162080 0.253050
2 0.434180 0.605590 0.103550 0.192940
2 0.308940 0.531840 0.096110 0.182820
2 0.311260 0.714580 0.235440 0.322070
2 0.202840 0.663140 0.142300 0.184310
2 0.273800 0.658610 0.131440 0.198000
2 0.427959 0.473488 0.084048 0.167669
2 0.051458 0.671969 0.102916 0.243622
2 0.113636 0.658354 0.074614 0.219260