2 0.703910 0.419340 0.027910 0.064060
2 0.086340 0.669310 0.064540 0.102240
2 0.650220 0.283860 0.032810 0.098080
2 0.837320 0.449340 0.052130 0.145740
2 0.417430 0.202330 0.040370 0.101320
2 0.836180 0.665040 0.094090 0.139110
2 0.759830 0.821410 0.043210 0.168350
2 0.655780 0.948100 0.053080 0.102170
2 0.046400 0.502290 0.092010 0.083230
2 0.192700 0.764050 0.030900 0.109520
2 0.551360 0.814020 0.112050 0.123760
2 0.589100 0.628530 0.114020 0.108680
2 0.965380 0.909040 0.067590 0.147970
2 0.482900 0.123310 0.045310 0.143060
2 0.281210 0.321780 0.062540 0.117770
2 0.112720 0.234660 0.052780 0.096480
2 0.358140 0.649200 0.063340 0.136440
2 0.976080 0.414830 0.046370 0.128640
2 0.430710 0.414370 0.068310 0.134190
2 0.548270 0.167360 0.038370 0.035730
2 0.686950 0.171460 0.083960 0.088200
2 0.413780 0.951240 0.038550 0.095260
2 0.571180 0.349690 0.026970 0.085550
2 0.557970 0.540250 0.054750 0.103420
2 0.288260 0.684370 0.103360 0.058530
2 0.247250 0.580330 0.062700 0.141290
2 0.285600 0.768410 0.084940 0.106530
2 0.494890 0.953800 0.077150 0.090570
2 0.477380 0.610040 0.055620 0.125430
2 0.311060 0.499880 0.100940 0.065310
2 0.556440 0.295440 0.025630 0.053270
2 0.679270 0.082360 0.078320 0.061560
2 0.332450 0.144910 0.033540 0.093500
2 0.421230 0.563610 0.065370 0.095670
2 0.568240 0.447750 0.114090 0.084880
2 0.213550 0.418300 0.049180 0.098580
2 0.368657 0.365718 0.026918 0.058168
2 0.384437 0.415223 0.023205 0.063119
2 0.418317 0.745668 0.120668 0.154703
2 0.461015 0.773515 0.077970 0.074257