2 0.838400 0.785500 0.134100 0.093340
2 0.973720 0.810160 0.051600 0.113220
2 0.336630 0.689200 0.086820 0.059880
2 0.092360 0.675570 0.091940 0.058110
2 0.171240 0.896320 0.152920 0.136310
2 0.143430 0.556440 0.046900 0.031640
2 0.548610 0.773990 0.110230 0.047770
2 0.392260 0.478770 0.052420 0.032030
2 0.236440 0.585860 0.050730 0.043700
2 0.040730 0.935710 0.081140 0.126430
2 0.843720 0.443130 0.023640 0.039120
2 0.317760 0.484460 0.057920 0.043660
2 0.295380 0.534980 0.060450 0.042950
2 0.950160 0.409020 0.020960 0.027290
2 0.928700 0.410040 0.024660 0.019300
2 0.687760 0.422990 0.063150 0.052620