2 0.654240 0.245930 0.023960 0.059440
2 0.924930 0.808720 0.068890 0.051540
2 0.808480 0.799220 0.034670 0.053100
2 0.594530 0.502460 0.022570 0.020920
2 0.121040 0.290980 0.033900 0.060910
2 0.272720 0.712930 0.032560 0.043740
2 0.653020 0.533440 0.022830 0.023000
2 0.847920 0.756880 0.035320 0.048880
2 0.517290 0.670890 0.028150 0.046260
2 0.393520 0.226340 0.059070 0.041940
2 0.211550 0.573270 0.032610 0.028770
2 0.829010 0.670480 0.028120 0.043200
2 0.844890 0.525600 0.029760 0.024350
2 0.122970 0.742920 0.025800 0.045040
2 0.675360 0.683280 0.025610 0.042010
2 0.195760 0.732440 0.033250 0.056900
2 0.358400 0.585940 0.027010 0.027540
2 0.224110 0.110720 0.049480 0.056620
2 0.741470 0.729360 0.023550 0.039510
2 0.550970 0.602330 0.015030 0.022720
2 0.614970 0.670270 0.018200 0.033020
2 0.028760 0.220870 0.037920 0.021890
2 0.319070 0.532660 0.033600 0.028780
2 0.359490 0.012330 0.027070 0.023780
2 0.619500 0.048660 0.025030 0.047930
2 0.481260 0.163730 0.047640 0.036090