4 0.529740 0.430230 0.110570 0.439540
4 0.062110 0.843810 0.123570 0.307500
4 0.143120 0.109000 0.113410 0.217170
4 0.089310 0.423130 0.113210 0.482720
4 0.652380 0.670490 0.234540 0.175010
4 0.614010 0.123420 0.109590 0.241080
4 0.234810 0.468870 0.116590 0.509410
4 0.835370 0.094840 0.092520 0.189160
4 0.485660 0.210590 0.117990 0.399390
4 0.824025 0.475644 0.143761 0.480748
4 0.274790 0.174870 0.100860 0.349230
4 0.378340 0.147910 0.087970 0.295820
4 0.385100 0.425950 0.122690 0.400460
4 0.848360 0.738890 0.108960 0.381140
4 0.657430 0.435520 0.116900 0.464020
4 0.960470 0.536090 0.077970 0.637550
4 0.936610 0.156890 0.099830 0.313110
4 0.384780 0.468660 0.123490 0.485570
4 0.742520 0.170160 0.091210 0.339830
4 0.460120 0.858560 0.378216 0.282140
4 0.465266 0.860673 0.139794 0.250735
4 0.576758 0.849101 0.350772 0.266165
4 0.897084 0.842671 0.205832 0.207017